{
  "camera_model": "ORTHOPHOTO",
  "camera_angle_x": 1.5707963267948966,
  "fl_x": 378.0,
  "fl_y": 140.0,
  "cx": 378.0,
  "cy": 140.0,
  "w": 756,
  "h": 280,
  "scene_extent": 2.0,
  "frames": [
    {
      "file_path": "images_29/train_00.png",
      "transform_matrix": [
        [
          -0.0,
          0.0,
          -1.0,
          -3.0
        ],
        [
          1.0,
          0.0,
          -0.0,
          -0.0
        ],
        [
          0.0,
          1.0,
          0.0,
          0.0
        ],
        [
          0.0,
          0.0,
          0.0,
          1.0
        ]
      ],
      "time": 1.0
    },
    {
      "file_path": "images_29/train_01.png",
      "transform_matrix": [
        [
          -0.19509032201612825,
          0.0,
          -0.9807852804032304,
          -2.9423558412096913
        ],
        [
          0.9807852804032304,
          0.0,
          -0.19509032201612825,
          -0.5852709660483848
        ],
        [
          0.0,
          1.0,
          0.0,
          0.0
        ],
        [
          0.0,
          0.0,
          0.0,
          1.0
        ]
      ],
      "time": 1.0
    },
    {
      "file_path": "images_29/train_02.png",
      "transform_matrix": [
        [
          -0.3826834323650898,
          0.0,
          -0.9238795325112867,
          -2.77163859753386
        ],
        [
          0.9238795325112867,
          0.0,
          -0.3826834323650898,
          -1.1480502970952693
        ],
        [
          0.0,
          1.0,
          0.0,
          0.0
        ],
        [
          0.0,
          0.0,
          0.0,
          1.0
        ]
      ],
      "time": 1.0
    },
    {
      "file_path": "images_29/train_03.png",
      "transform_matrix": [
        [
          -0.5555702330196022,
          0.0,
          -0.8314696123025452,
          -2.4944088369076356
        ],
        [
          0.8314696123025452,
          0.0,
          -0.5555702330196022,
          -1.6667106990588065
        ],
        [
          0.0,
          1.0,
          0.0,
          0.0
        ],
        [
          0.0,
          0.0,
          0.0,
          1.0
        ]
      ],
      "time": 1.0
    },
    {
      "file_path": "images_29/train_04.png",
      "transform_matrix": [
        [
          -0.7071067811865475,
          0.0,
          -0.7071067811865476,
          -2.121320343559643
        ],
        [
          0.7071067811865476,
          0.0,
          -0.7071067811865475,
          -2.1213203435596424
        ],
        [
          0.0,
          1.0,
          0.0,
          0.0
        ],
        [
          0.0,
          0.0,
          0.0,
          1.0
        ]
      ],
      "time": 1.0
    },
    {
      "file_path": "images_29/train_05.png",
      "transform_matrix": [
        [
          -0.8314696123025452,
          0.0,
          -0.5555702330196023,
          -1.666710699058807
        ],
        [
          0.5555702330196023,
          0.0,
          -0.8314696123025452,
          -2.4944088369076356
        ],
        [
          0.0,
          1.0,
          0.0,
          0.0
        ],
        [
          0.0,
          0.0,
          0.0,
          1.0
        ]
      ],
      "time": 1.0
    },
    {
      "file_path": "images_29/train_06.png",
      "transform_matrix": [
        [
          -0.9238795325112867,
          0.0,
          -0.38268343236508984,
          -1.1480502970952695
        ],
        [
          0.38268343236508984,
          0.0,
          -0.9238795325112867,
          -2.77163859753386
        ],
        [
          0.0,
          1.0,
          0.0,
          0.0
        ],
        [
          0.0,
          0.0,
          0.0,
          1.0
        ]
      ],
      "time": 1.0
    },
    {
      "file_path": "images_29/train_07.png",
      "transform_matrix": [
        [
          -0.9807852804032304,
          0.0,
          -0.19509032201612833,
          -0.585270966048385
        ],
        [
          0.19509032201612833,
          0.0,
          -0.9807852804032304,
          -2.9423558412096913
        ],
        [
          0.0,
          1.0,
          0.0,
          0.0
        ],
        [
          0.0,
          0.0,
          0.0,
          1.0
        ]
      ],
      "time": 1.0
    },
    {
      "file_path": "images_29/train_08.png",
      "transform_matrix": [
        [
          -1.0,
          0.0,
          -6.123233995736766e-17,
          -1.8369701987210297e-16
        ],
        [
          6.123233995736766e-17,
          0.0,
          -1.0,
          -3.0
        ],
        [
          0.0,
          1.0,
          0.0,
          0.0
        ],
        [
          0.0,
          0.0,
          0.0,
          1.0
        ]
      ],
      "time": 1.0
    },
    {
      "file_path": "images_29/train_09.png",
      "transform_matrix": [
        [
          -0.9807852804032304,
          0.0,
          0.1950903220161282,
          0.5852709660483846
        ],
        [
          -0.1950903220161282,
          0.0,
          -0.9807852804032304,
          -2.9423558412096913
        ],
        [
          0.0,
          1.0,
          0.0,
          0.0
        ],
        [
          0.0,
          0.0,
          0.0,
          1.0
        ]
      ],
      "time": 1.0
    },
    {
      "file_path": "images_29/train_10.png",
      "transform_matrix": [
        [
          -0.9238795325112867,
          0.0,
          0.3826834323650897,
          1.1480502970952693
        ],
        [
          -0.3826834323650897,
          0.0,
          -0.9238795325112867,
          -2.77163859753386
        ],
        [
          0.0,
          1.0,
          0.0,
          0.0
        ],
        [
          0.0,
          0.0,
          0.0,
          1.0
        ]
      ],
      "time": 1.0
    },
    {
      "file_path": "images_29/train_11.png",
      "transform_matrix": [
        [
          -0.8314696123025451,
          0.0,
          0.5555702330196023,
          1.666710699058807
        ],
        [
          -0.5555702330196023,
          0.0,
          -0.8314696123025451,
          -2.4944088369076356
        ],
        [
          0.0,
          1.0,
          0.0,
          0.0
        ],
        [
          0.0,
          0.0,
          0.0,
          1.0
        ]
      ],
      "time": 1.0
    },
    {
      "file_path": "images_29/train_12.png",
      "transform_matrix": [
        [
          -0.7071067811865476,
          0.0,
          0.7071067811865475,
          2.1213203435596424
        ],
        [
          -0.7071067811865475,
          0.0,
          -0.7071067811865476,
          -2.121320343559643
        ],
        [
          0.0,
          1.0,
          0.0,
          0.0
        ],
        [
          0.0,
          0.0,
          0.0,
          1.0
        ]
      ],
      "time": 1.0
    },
    {
      "file_path": "images_29/train_13.png",
      "transform_matrix": [
        [
          -0.5555702330196022,
          0.0,
          0.8314696123025453,
          2.494408836907636
        ],
        [
          -0.8314696123025453,
          0.0,
          -0.5555702330196022,
          -1.6667106990588065
        ],
        [
          0.0,
          1.0,
          0.0,
          0.0
        ],
        [
          0.0,
          0.0,
          0.0,
          1.0
        ]
      ],
      "time": 1.0
    },
    {
      "file_path": "images_29/train_14.png",
      "transform_matrix": [
        [
          -0.3826834323650899,
          0.0,
          0.9238795325112867,
          2.77163859753386
        ],
        [
          -0.9238795325112867,
          0.0,
          -0.3826834323650899,
          -1.1480502970952697
        ],
        [
          0.0,
          1.0,
          0.0,
          0.0
        ],
        [
          0.0,
          0.0,
          0.0,
          1.0
        ]
      ],
      "time": 1.0
    },
    {
      "file_path": "images_29/train_15.png",
      "transform_matrix": [
        [
          -0.19509032201612816,
          0.0,
          0.9807852804032304,
          2.9423558412096913
        ],
        [
          -0.9807852804032304,
          0.0,
          -0.19509032201612816,
          -0.5852709660483845
        ],
        [
          0.0,
          1.0,
          0.0,
          0.0
        ],
        [
          0.0,
          0.0,
          0.0,
          1.0
        ]
      ],
      "time": 1.0
    },
    {
      "file_path": "images_29/eval_00.png",
      "transform_matrix": [
        [
          -0.0,
          0.0,
          -1.0,
          -3.0
        ],
        [
          1.0,
          0.0,
          -0.0,
          -0.0
        ],
        [
          0.0,
          1.0,
          0.0,
          0.0
        ],
        [
          0.0,
          0.0,
          0.0,
          1.0
        ]
      ],
      "time": 1.0
    }
  ]
}